accuracy = 0.6506329113924051
eval_loss = 2.3991806879639626
macro_f1 = 0.6441713610815526
mcc = 0.46172299232724007
weighted_f1 = 0.6579243771897085
