accuracy = 0.8848101265822785
eval_loss = 0.7592376908074088
macro_f1 = 0.8772131321774301
mcc = 0.820436112993554
weighted_f1 = 0.8854982400117095
