accuracy = 0.9099131693198264
eval_loss = 0.3161681467277278
macro_f1 = 0.9027000512178495
mcc = 0.8621801260724715
weighted_f1 = 0.9089013520842663
