accuracy = 0.6392405063291139
eval_loss = 2.3750623123381627
macro_f1 = 0.6298989848006068
mcc = 0.4408240465574772
weighted_f1 = 0.6454889062871104
