accuracy = 0.8886075949367088
eval_loss = 0.7925415026432099
macro_f1 = 0.8820519461460328
mcc = 0.8274798934969382
weighted_f1 = 0.8895205652097965
